    1   0.1  0.1
   50   0.0  0.1
   51   0.0  0.0
   53   0.0  0.0
   54   0.0  0.1
   55   0.3  0.0
   57   0.0  0.0
   58   0.0  0.0
   59   0.0  0.0
   62   0.0  0.0
   63   0.0  0.1
   64   0.0  0.0
   65   0.0  0.0
   69   0.1  0.1
   73   0.0  0.1
   75   0.0  0.0
   76   0.1  0.3
   81   0.0  0.0
   82   0.0  0.0
   84   0.0  0.0
   86   0.0  0.2
   87   0.0  0.0
   90   0.0  0.1
   91   0.0  0.0
   93   0.0  0.1
   94   0.0  0.0
   96   0.0  0.1
   97   0.0  0.0
   98   0.0  0.1
   99   0.0  0.0
  100   0.5  0.1
  102   0.0  0.1
  104   0.0  0.0
  105   0.0  0.0
  106   0.0  0.0
  107   0.0  0.0
  111   0.0  0.0
  112   0.0  0.3
  113   0.0  0.0
  114   0.0  0.0
  117   3.3  0.0
  118   0.0  0.0
  119   0.1  0.0
  120   0.0  0.0
  121   0.0  0.1
  122   0.0  0.0
  124   0.0  0.0
  125   0.0  0.0
  127   0.0  0.0
  137   0.0  0.0
  138   0.0  0.0
  139   7.0  0.1
  140   6.8  0.0
  146   0.0  0.0
  156   0.0  0.0
  160   0.0  0.0
  162   0.0  0.0
  175   5.2  1.2
  214   0.0  0.1
  215   0.0  0.0
  216   0.0  0.0
  218   0.1  1.0
  220   0.0  0.0
  221   0.4  0.0
  222   0.0  0.0
  236   0.0  0.0
  241   0.0  0.0
  242   0.0  0.0
  245   0.0  0.0
  250   0.0  0.0
  252   0.0  0.1
  254   0.0  0.0
  256   0.0  0.0
  257   0.0  0.0
  259   0.0  0.1
  261   0.0  0.1
  263   0.0  0.0
  264   0.0  0.0
  265   0.0  0.0
  266   0.0  0.0
  267   0.0  0.0
  269   9.7  0.0
  270   0.0  0.0
  271   0.0  0.0
  272   0.0  0.0
  273   0.0  0.0
  277   0.0  0.3
  278   0.0  0.0
  279   0.0  0.1
  281   0.0  0.0
  283   0.1  0.0
  284   0.0  0.2
  285   0.0  0.1
  286   0.0  0.1
  290   0.2  0.4
  291   0.0  0.2
  292   0.0  0.2
  293   0.0  0.1
  295   0.0  0.0
  297   0.0  0.0
  298   0.0  0.0
  299   0.0  0.1
  300   0.0  0.0
  301   0.0  0.0
  302   0.0  0.1
  303   0.0  0.0
  305   0.0  0.0
  306   0.0  0.0
  307   0.0  0.0
  308   0.0  0.2
  309   0.0  0.1
  310   0.0  0.0
  311   0.0  0.0
  312   0.0  0.0
  313   0.0  0.0
  319   0.0  0.1
  320   0.0  0.2
  324   0.0  0.0
  325   0.0  0.1
  326   0.0  0.2
  327   0.0  0.1
  328   0.0  0.1
  329   0.0  0.1
  331   0.0  0.2
  334   0.0  0.0
  335   0.0  0.1
  336   0.0  0.0
  337   0.0  0.1
  338   0.0  0.2
  342  33.9  1.1
  343   0.3  1.1
  344   0.0  0.0
  345   0.0  0.1
  346   0.0  0.3
  347   0.0  0.1
  348   0.0  0.0
  349   0.0  0.1
  351   0.0  0.2
  353   0.0  0.1
  354   0.0  0.1
  355   0.0  0.0
  357   0.0  0.1
  358   0.0  0.0
  359   0.0  0.1
  360   0.0  0.0
  361   0.0  0.0
  362   0.0  0.1
  364   0.0  0.1
  365   0.0  0.0
  366   0.0  0.1
  367   0.0  0.1
  368   0.0  0.0
  369   0.0  0.4
  370   0.1  0.1
  371   0.2  0.0
  372   0.0  0.0
  373   0.0  0.0
  374   0.0  0.0
  375   0.0  0.0
  376   0.0  0.1
  377   0.0  0.1
  378   0.0  0.1
  379   0.0  0.1
  380   0.0  0.0
  381   0.0  0.0
  382   0.0  0.0
  384   0.0  0.3
  386   0.0  0.0
  387   0.0  0.0
  388   0.0  0.2
  389   0.0  0.1
  391   0.0  0.0
  393   0.0  0.0
  395   0.0  0.1
  398   0.0  0.3
  399   0.0  0.0
  400   0.0  0.1
  403   0.0  0.1
  408   0.0  0.0
  410   0.0  0.1
  411   0.0  0.0
  412   0.0  0.0
  414   0.0  0.0
  415   0.0  0.0
  419   0.0  0.3
  426   0.0  0.0
  429   0.0  0.0
  430   0.0  0.0
  432   0.0  0.3
  433   0.0  0.0
  434   0.0  0.0
  439   0.0  0.0
  445   0.0  0.0
  468   0.0  0.1
  496   0.0  0.0
  516   0.0  0.0
  517   0.0  0.1
  518   0.0  0.0
  519   0.0  0.0
  520   0.0  0.0
  521   0.0  0.0
  523   0.0  0.0
  524   0.0  0.0
  528   0.0  0.0
  529   0.0  0.0
  531   0.0  0.0
  535   0.0  0.0
  537   0.0  0.1
  539   0.0  0.0
  541   0.0  0.0
  542   0.0  0.0
  543   0.0  0.0
  544   0.0  0.0
  545   0.0  0.0
  546   0.0  0.0
  547   0.0  0.0
  550   0.0  0.0
  551   0.0  0.0
  553   0.0  0.1
  554   0.0  0.0
  555   0.1  2.0
  556   0.0  0.0
  558   0.0  0.0
  559   0.0  0.1
  560   0.0  1.6
  561   0.0  1.0
  563   0.0  0.1
  564   0.0  0.0
  566   0.0  0.9
  567   0.0  0.0
  568   0.0  0.7
  569   0.0  0.0
  571   0.0  0.4
  572   0.0  0.0
  573   0.0  0.5
  574   0.0  0.1
  575   0.0  0.0
  576   0.0  0.5
  577   0.0  0.0
  578   0.0  0.0
  579   0.0  0.4
  581   0.0  0.4
  582   0.0  0.0
  585   0.0  0.5
  600   0.0  0.0
  601   0.3  0.0
  611   0.1  0.0
  650   0.0  0.0
  665   0.0  0.0
  671   0.0  0.0
  674   0.0  0.0
  678   0.0  0.1
  685   0.0  0.0
  696   0.0  0.0
  697   0.0  0.1
  698   0.0  0.1
  700   0.0  0.0
  702   0.0  1.2
  703   0.0  0.1
  704   0.0  0.0
  707   0.0  0.0
  717   0.0  0.0
  728   0.0  0.1
  732   0.0  0.0
  735   0.0  0.0
  766   0.0  0.0
  768   0.0  0.0
  773   0.1  2.2
  774   0.0  0.0
  777   0.0  1.8
  778   0.0  0.0
  799   0.0  3.2
  800   0.0  0.0
  818   0.0  0.1
  839   0.0  0.0
  845   0.0  0.0
  851   0.0  0.0
  852   0.0  0.0
  854   0.0  0.0
  885   0.0  0.0
  886   0.0  0.1
  887   0.0  0.0
  889   0.0  0.0
  907   0.1  1.4
  908   0.0  0.0
  934   0.0  0.1
  938   0.0  0.0
  943   0.0  0.0
  944   0.0  0.0
 1016   0.0  0.1
 1147   0.0  0.0
 1148   0.0  0.0
 1152   0.0  0.0
 1159   0.0  0.0
 1161   0.0  0.1
 1162   4.6 13.7
 1171   0.0  0.4
 1172   0.0  0.0
 1176   0.0  0.1
 1180   0.0  0.8
 1182   0.0  0.0
 1183   0.0  0.2
 1184   0.0  0.0
 1189   0.0  0.4
 1190   0.0  0.5
 1191   0.0  0.4
 1192   0.0  0.2
 1194   0.1  0.7
 1252   0.0  0.1
 1400   0.0  0.0
 1433   0.0  0.3
 1509   0.0  0.2
 1527   0.1  1.2
 1528   0.0  0.0
 1531  83.0  5.9
 1536   0.0  0.0
 1559   0.0  0.9
 1566   0.0  0.1
 1567   0.0  0.1
 1574   0.0  0.2
 1575   0.0  0.1
 1626   0.0  0.0
 1628   0.0  0.1
 1640   0.0  0.1
 1652  77.4  0.2
 1653  69.4  0.2
 1654   0.0  0.0
 1561   0.0  0.0
 1562   0.0  0.0
 1563   0.0  0.0
null
